61  900
0  59
       0      31
       0      35
       0      36
       0      38
       0      40
       0      46
       0      50
       0      51
       0      52
       0      53
       0      55
       0      57
       1      30
       1      34
       1      39
       1      42
       1      43
       1      44
       1      45
       1      47
       1      48
       1      49
       1      52
       1      53
       1      54
       1      55
       1      56
       1      57
       1      59
       2      32
       2      34
       2      35
       2      36
       2      38
       2      39
       2      41
       2      42
       2      43
       2      49
       2      51
       2      53
       2      58
       3      30
       3      32
       3      34
       3      35
       3      36
       3      37
       3      39
       3      40
       3      49
       3      51
       3      52
       3      53
       3      59
       4      30
       4      33
       4      34
       4      39
       4      41
       4      44
       4      45
       4      47
       4      50
       4      51
       4      52
       4      53
       4      55
       4      57
       4      59
       5      31
       5      33
       5      34
       5      36
       5      38
       5      43
       5      45
       5      46
       5      47
       5      49
       5      50
       5      53
       5      55
       5      56
       5      58
       5      59
       6      31
       6      34
       6      36
       6      38
       6      39
       6      40
       6      42
       6      43
       6      44
       6      45
       6      46
       6      48
       6      49
       6      53
       6      56
       6      57
       6      58
       7      30
       7      32
       7      33
       7      34
       7      36
       7      37
       7      39
       7      40
       7      41
       7      42
       7      45
       7      49
       7      54
       7      55
       7      57
       7      59
       8      31
       8      32
       8      35
       8      36
       8      38
       8      41
       8      50
       8      52
       8      53
       8      56
       8      57
       8      58
       8      59
       9      31
       9      34
       9      38
       9      39
       9      40
       9      42
       9      48
       9      52
       9      54
       9      56
       9      57
       9      58
       10      30
       10      31
       10      32
       10      33
       10      35
       10      37
       10      38
       10      39
       10      42
       10      44
       10      52
       10      53
       10      54
       10      55
       10      56
       10      57
       10      59
       11      31
       11      32
       11      33
       11      34
       11      35
       11      36
       11      38
       11      39
       11      41
       11      42
       11      44
       11      45
       11      46
       11      47
       11      50
       11      51
       11      54
       11      57
       12      32
       12      34
       12      35
       12      37
       12      41
       12      43
       12      44
       12      45
       12      46
       12      47
       12      48
       12      49
       12      51
       12      52
       12      53
       12      54
       12      56
       12      59
       13      30
       13      32
       13      35
       13      39
       13      41
       13      46
       13      47
       13      48
       13      54
       13      56
       13      57
       13      58
       13      59
       14      30
       14      31
       14      33
       14      34
       14      37
       14      42
       14      43
       14      44
       14      45
       14      46
       14      47
       14      50
       14      53
       14      54
       14      55
       14      56
       14      59
       15      32
       15      33
       15      35
       15      39
       15      40
       15      41
       15      42
       15      43
       15      44
       15      45
       15      46
       15      47
       15      48
       15      51
       15      52
       15      55
       15      59
       16      30
       16      34
       16      37
       16      40
       16      41
       16      43
       16      47
       16      53
       16      54
       16      56
       16      58
       17      30
       17      31
       17      32
       17      34
       17      35
       17      39
       17      40
       17      41
       17      43
       17      44
       17      46
       17      47
       17      49
       17      50
       17      51
       17      52
       17      53
       17      54
       17      55
       17      56
       17      58
       17      59
       18      30
       18      31
       18      32
       18      33
       18      36
       18      39
       18      40
       18      42
       18      44
       18      45
       18      47
       18      48
       18      51
       18      56
       18      57
       18      58
       19      31
       19      32
       19      33
       19      35
       19      36
       19      38
       19      39
       19      41
       19      42
       19      44
       19      47
       19      48
       19      50
       19      53
       19      54
       19      57
       19      58
       19      59
       20      32
       20      34
       20      36
       20      37
       20      39
       20      41
       20      42
       20      47
       20      49
       20      51
       20      52
       20      53
       20      55
       21      30
       21      31
       21      35
       21      37
       21      38
       21      42
       21      45
       21      46
       21      49
       21      50
       21      51
       21      58
       21      59
       22      30
       22      31
       22      32
       22      33
       22      36
       22      37
       22      38
       22      40
       22      45
       22      46
       22      51
       22      52
       22      54
       22      59
       23      30
       23      31
       23      37
       23      39
       23      40
       23      41
       23      42
       23      43
       23      48
       23      49
       23      51
       23      52
       23      53
       23      58
       23      59
       24      30
       24      32
       24      33
       24      34
       24      35
       24      36
       24      37
       24      38
       24      40
       24      41
       24      43
       24      44
       24      46
       24      47
       24      49
       24      50
       24      53
       24      57
       24      58
       25      31
       25      32
       25      33
       25      34
       25      35
       25      38
       25      39
       25      41
       25      43
       25      44
       25      50
       25      52
       25      53
       25      54
       25      55
       25      58
       25      59
       26      31
       26      32
       26      35
       26      39
       26      42
       26      46
       26      47
       26      48
       26      49
       26      51
       26      53
       26      54
       26      55
       26      56
       26      58
       26      59
       27      30
       27      32
       27      34
       27      36
       27      39
       27      40
       27      42
       27      44
       27      45
       27      46
       27      47
       27      48
       27      50
       27      51
       27      52
       27      53
       27      58
       27      59
       28      32
       28      35
       28      38
       28      40
       28      43
       28      46
       28      47
       28      49
       28      50
       28      51
       28      52
       28      53
       28      58
       28      59
       29      31
       29      32
       29      34
       29      35
       29      38
       29      39
       29      44
       29      49
       29      50
       29      52
       29      53
       29      54
       29      56
       29      57
       29      58
       30      0
       30      2
       30      5
       30      6
       30      8
       30      9
       30      11
       30      12
       30      15
       30      19
       30      20
       30      25
       30      26
       30      28
       30      29
       31      1
       31      2
       31      3
       31      4
       31      7
       31      12
       31      13
       31      15
       31      16
       31      20
       31      24
       31      27
       31      28
       32      0
       32      1
       32      4
       32      5
       32      6
       32      9
       32      14
       32      16
       32      21
       32      23
       33      0
       33      1
       33      2
       33      3
       33      6
       33      8
       33      9
       33      12
       33      13
       33      16
       33      17
       33      20
       33      21
       33      23
       33      26
       33      27
       33      28
       33      29
       34      0
       34      8
       34      10
       34      13
       34      15
       34      18
       34      19
       34      21
       34      22
       34      23
       34      26
       34      28
       35      1
       35      4
       35      5
       35      6
       35      7
       35      9
       35      14
       35      16
       35      18
       35      20
       35      22
       35      23
       35      27
       36      1
       36      4
       36      9
       36      10
       36      12
       36      13
       36      14
       36      15
       36      16
       36      17
       36      21
       36      23
       36      25
       36      26
       36      28
       36      29
       37      0
       37      1
       37      2
       37      4
       37      5
       37      6
       37      8
       37      9
       37      11
       37      13
       37      15
       37      17
       37      18
       37      19
       37      25
       37      26
       37      27
       37      28
       37      29
       38      1
       38      3
       38      4
       38      7
       38      12
       38      13
       38      14
       38      15
       38      16
       38      17
       38      18
       38      20
       38      23
       38      26
       38      27
       39      0
       39      5
       39      8
       39      12
       39      14
       39      16
       39      21
       39      22
       39      24
       39      28
       40      1
       40      2
       40      4
       40      5
       40      8
       40      10
       40      11
       40      12
       40      13
       40      14
       40      19
       40      20
       40      21
       40      25
       40      26
       40      29
       41      0
       41      1
       41      3
       41      5
       41      6
       41      9
       41      10
       41      14
       41      18
       41      21
       41      22
       41      26
       41      27
       41      28
       41      29
       42      0
       42      3
       42      4
       42      5
       42      8
       42      12
       42      13
       42      16
       42      17
       42      22
       42      24
       42      25
       42      28
       42      29
       43      0
       43      3
       43      4
       43      7
       43      8
       43      9
       43      10
       43      11
       43      13
       43      18
       43      19
       43      20
       43      21
       43      22
       43      26
       43      27
       43      29
       44      0
       44      2
       44      3
       44      5
       44      7
       44      8
       44      9
       44      13
       44      16
       44      20
       44      21
       44      22
       44      23
       44      26
       44      28
       45      0
       45      2
       45      3
       45      8
       45      9
       45      10
       45      13
       45      16
       45      17
       45      19
       45      20
       45      23
       45      24
       45      25
       45      26
       45      28
       45      29
       46      1
       46      2
       46      3
       46      4
       46      7
       46      8
       46      9
       46      10
       46      16
       46      18
       46      19
       46      20
       46      23
       46      25
       46      29
       47      0
       47      2
       47      3
       47      6
       47      7
       47      8
       47      9
       47      10
       47      21
       47      22
       47      23
       47      25
       47      29
       48      0
       48      2
       48      3
       48      4
       48      5
       48      7
       48      8
       48      10
       48      11
       48      14
       48      16
       48      17
       48      20
       48      21
       48      22
       48      24
       48      25
       48      28
       48      29
       49      0
       49      4
       49      8
       49      9
       49      10
       49      11
       49      13
       49      14
       49      15
       49      16
       49      18
       49      19
       49      22
       49      25
       49      27
       50      1
       50      2
       50      3
       50      6
       50      7
       50      9
       50      10
       50      12
       50      13
       50      15
       50      16
       50      18
       50      20
       50      22
       50      23
       50      26
       51      1
       51      5
       51      6
       51      7
       51      8
       51      9
       51      10
       51      13
       51      14
       51      16
       51      19
       51      24
       51      25
       51      29
       52      2
       52      5
       52      6
       52      7
       52      11
       52      13
       52      14
       52      16
       52      18
       52      19
       52      21
       52      24
       52      26
       53      7
       53      9
       53      11
       53      13
       53      15
       53      18
       53      21
       53      22
       54      0
       54      2
       54      3
       54      4
       54      5
       54      6
       54      8
       54      15
       54      18
       54      20
       54      21
       54      23
       54      24
       54      27
       54      28
       55      2
       55      3
       55      6
       55      8
       55      9
       55      11
       55      12
       55      13
       55      16
       55      18
       55      19
       55      21
       55      22
       55      23
       55      24
       55      27
       55      28
       55      29
       56      0
       56      2
       56      3
       56      4
       56      7
       56      11
       56      15
       56      19
       56      20
       56      21
       56      22
       56      23
       56      24
       56      25
       56      27
       56      28
       57      2
       57      3
       57      5
       57      12
       57      14
       57      15
       57      16
       57      17
       57      20
       57      21
       57      22
       57      23
       57      25
       57      26
       57      27
       57      28
       58      0
       58      1
       58      3
       58      4
       58      7
       58      10
       58      11
       58      12
       58      14
       58      15
       58      20
       58      22
       59      0
       59      2
       59      6
       59      9
       59      11
       59      16
       59      18
       59      20
       59      24
       59      29