31  225
0  29
       0      15
       0      16
       0      17
       0      18
       0      19
       0      20
       0      22
       0      24
       0      25
       0      26
       0      27
       0      28
       1      16
       1      18
       1      20
       1      21
       1      22
       1      24
       1      25
       1      27
       1      28
       1      29
       2      15
       2      17
       2      18
       2      19
       2      23
       2      25
       2      26
       2      27
       2      29
       3      15
       3      16
       3      23
       3      24
       3      27
       3      28
       4      15
       4      17
       4      18
       4      20
       4      26
       4      28
       5      16
       5      18
       5      20
       5      21
       5      27
       5      28
       5      29
       6      16
       6      18
       6      19
       6      21
       6      23
       6      24
       6      25
       6      28
       7      17
       7      18
       7      19
       7      23
       7      24
       7      26
       7      27
       7      29
       8      16
       8      17
       8      20
       8      21
       8      23
       8      24
       9      15
       9      17
       9      18
       9      20
       9      22
       9      23
       9      24
       9      27
       9      29
       10      17
       10      18
       10      19
       10      20
       10      25
       10      27
       10      28
       11      18
       11      20
       11      21
       11      24
       11      25
       11      27
       12      15
       12      16
       12      17
       12      18
       12      22
       12      23
       12      25
       12      26
       12      27
       12      29
       13      17
       13      22
       13      23
       13      24
       13      28
       14      16
       14      20
       14      24
       14      27
       14      29
       15      1
       15      5
       15      6
       15      7
       15      8
       15      10
       15      11
       15      13
       15      14
       16      2
       16      4
       16      7
       16      9
       16      10
       16      11
       16      13
       17      1
       17      3
       17      5
       17      6
       17      11
       17      14
       18      3
       18      8
       18      13
       18      14
       19      1
       19      3
       19      4
       19      5
       19      8
       19      9
       19      11
       19      12
       19      13
       19      14
       20      2
       20      3
       20      6
       20      7
       20      12
       20      13
       21      0
       21      2
       21      3
       21      4
       21      7
       21      9
       21      10
       21      12
       21      13
       21      14
       22      2
       22      3
       22      4
       22      5
       22      6
       22      7
       22      8
       22      10
       22      11
       22      14
       23      0
       23      1
       23      4
       23      5
       23      10
       23      11
       23      14
       24      2
       24      4
       24      5
       24      10
       24      12
       25      3
       25      4
       25      5
       25      7
       25      8
       25      9
       25      13
       25      14
       26      1
       26      3
       26      5
       26      6
       26      8
       26      9
       26      10
       26      11
       26      13
       26      14
       27      4
       27      6
       27      8
       27      13
       28      2
       28      7
       28      8
       28      9
       28      11
       28      12
       28      14
       29      0
       29      3
       29      4
       29      6
       29      8
       29      10
       29      11
       29      13